,1/0,1/15,1/20,1/25,1/28,1/29,0.4/0,0.2/0,0.1/0,0.05/0
accuracy,0.9436565239814337,0.9430634347601856,0.9331098504383702,0.9150335224342444,0.898014440433213,0.8806859205776173,0.9367457452294997,0.9142599277978339,0.8910005157297576,0.8640794223826714
"recall, A chirp",0.865582518104434,0.8639308855291576,0.8179392707406937,0.749205945877271,0.6760259179265659,0.6304154491170119,0.8423326133909287,0.744632194130352,0.6570956676407064,0.5947147757591157
"recall, B chirp",0.9650365125027661,0.9638563103931548,0.955594895625876,0.9361953234491407,0.919893781810135,0.8945931990853434,0.9583978756362027,0.9365641366083942,0.9108209780924983,0.8639079442354504
"precision, A chirp",0.9512705948059201,0.9557273366127899,0.9713337356668679,0.9838171504838171,0.9934652725914862,0.9941895411741134,0.960730328937835,0.9833892617449664,0.9938508839354343,0.9978682583670859
"precision, B chirp",0.9636859163229228,0.9637141382107826,0.9641288978194538,0.9661997563946407,0.9723976608187135,0.976253722933269,0.9634435711107816,0.9664332470695692,0.9708310401761144,0.9743760399334442
"IoU, A chirp",0.8288321167883211,0.8306865379916931,0.7986602158541124,0.7400853413654619,0.6730331393878067,0.6281012658227848,0.8142962417096536,0.7353826850690088,0.6544350246741744,0.593960157340439
"IoU, B chirp",0.9311743772241993,0.9301017866040288,0.9227865232566422,0.9065066780944219,0.8964847962044425,0.875541438059486,0.9247686832740214,0.9070581511644521,0.8865594485927628,0.8447169130905157
confusion_matrix,"[[0.866 0.011 0.123 0.   ]
 [0.007 0.965 0.028 0.   ]
 [0.014 0.023 0.962 0.   ]
 [0.    0.    0.    0.   ]]","[[0.864 0.011 0.125 0.   ]
 [0.005 0.964 0.031 0.   ]
 [0.014 0.023 0.963 0.   ]
 [0.    0.    0.    0.   ]]","[[0.818 0.011 0.171 0.   ]
 [0.002 0.956 0.042 0.   ]
 [0.009 0.023 0.968 0.   ]
 [0.    0.    0.    0.   ]]","[[0.749 0.011 0.24  0.   ]
 [0.    0.936 0.064 0.   ]
 [0.006 0.021 0.974 0.   ]
 [0.    0.    0.    0.   ]]","[[0.676 0.009 0.315 0.   ]
 [0.    0.92  0.08  0.   ]
 [0.002 0.016 0.982 0.   ]
 [0.    0.    0.    0.   ]]","[[0.63  0.004 0.365 0.   ]
 [0.    0.895 0.105 0.   ]
 [0.002 0.015 0.983 0.   ]
 [0.    0.    0.    0.   ]]","[[0.842 0.011 0.146 0.   ]
 [0.002 0.958 0.04  0.   ]
 [0.014 0.023 0.963 0.   ]
 [0.    0.    0.    0.   ]]","[[0.745 0.011 0.245 0.   ]
 [0.    0.937 0.063 0.   ]
 [0.006 0.021 0.974 0.   ]
 [0.    0.    0.    0.   ]]","[[0.657 0.011 0.332 0.   ]
 [0.    0.911 0.089 0.   ]
 [0.002 0.017 0.982 0.   ]
 [0.    0.    0.    0.   ]]","[[0.595 0.01  0.395 0.   ]
 [0.    0.864 0.136 0.   ]
 [0.001 0.013 0.986 0.   ]
 [0.    0.    0.    0.   ]]"
confusion_matrix_nonnorm,"[[ 6813    89   969     0]
 [  100 13083   374     0]
 [  249   404 16699     0]
 [    0     0     0     0]]","[[ 6800    88   983     0]
 [   72 13067   418     0]
 [  243   404 16705     0]
 [    0     0     0     0]]","[[ 6438    87  1346     0]
 [   26 12955   576     0]
 [  164   395 16793     0]
 [    0     0     0     0]]","[[ 5897    85  1889     0]
 [    0 12692   865     0]
 [   97   359 16896     0]
 [    0     0     0     0]]","[[ 5321    70  2480     0]
 [    0 12471  1086     0]
 [   35   284 17033     0]
 [    0     0     0     0]]","[[ 4962    35  2874     0]
 [    0 12128  1429     0]
 [   29   260 17063     0]
 [    0     0     0     0]]","[[ 6630    89  1152     0]
 [   27 12993   537     0]
 [  244   404 16704     0]
 [    0     0     0     0]]","[[ 5861    85  1925     0]
 [    0 12697   860     0]
 [   99   356 16897     0]
 [    0     0     0     0]]","[[ 5172    84  2615     0]
 [    0 12348  1209     0]
 [   32   287 17033     0]
 [    0     0     0     0]]","[[ 4681    82  3108     0]
 [    0 11712  1845     0]
 [   10   226 17116     0]
 [    0     0     0     0]]"
