,1/0,1/15,1/20,1/25,1/28,1/29,0.4/0,0.2/0,0.1/0,0.05/0
accuracy,0.8613171321866288,0.860896323181316,0.8510336121192994,0.8332807322076693,0.815974961864184,0.7985376887065383,0.8551364999210983,0.8324391141970439,0.8096102256588291,0.7839145757719215
"recall, A chirp",0.5856451772139402,0.5840655543488992,0.5454635205844605,0.4853391252838385,0.42867015500049366,0.3978675091321947,0.5659986178299931,0.48445058742225294,0.4191924178102478,0.3760489683088163
"recall, B chirp",0.9655786830809103,0.9650927350773467,0.9593423503685106,0.9458977889365838,0.9278367214708027,0.8969790232445128,0.9623390297238196,0.9437110229205475,0.915930995383494,0.8655543856807322
"precision, A chirp",0.9471499281494491,0.9499036608863198,0.9669233461673084,0.9804547267650578,0.9920036554717844,0.9928553830992856,0.9548634243837442,0.9802237315221733,0.9927519289221417,0.9973815134852055
"precision, B chirp",0.8014789915966386,0.8017223979008276,0.8093058212626401,0.8187745372966909,0.8326791684837912,0.8362277257626095,0.8047954483879708,0.8195245463496975,0.8330755064456722,0.8420928216846584
"IoU, A chirp",0.567112810707457,0.5666123934489034,0.5354719906958713,0.4806883739121932,0.42719401810310903,0.39673164008663125,0.55125,0.47976143918654673,0.4179133858267717,0.37567807476082454
"IoU, B chirp",0.7792156862745098,0.7791290702236171,0.782467961421588,0.7821457272970801,0.7820329032698478,0.7629512262331221,0.780221944973406,0.7813317239991954,0.7738999520974474,0.744686781408961
confusion_matrix,"[[0.586 0.252 0.163 0.   ]
 [0.007 0.966 0.028 0.   ]
 [0.016 0.026 0.958 0.   ]
 [0.    0.    0.    0.   ]]","[[0.584 0.251 0.165 0.   ]
 [0.006 0.965 0.029 0.   ]
 [0.016 0.026 0.959 0.   ]
 [0.    0.    0.    0.   ]]","[[0.545 0.237 0.218 0.   ]
 [0.002 0.959 0.039 0.   ]
 [0.01  0.025 0.964 0.   ]
 [0.    0.    0.    0.   ]]","[[0.485 0.22  0.295 0.   ]
 [0.    0.946 0.054 0.   ]
 [0.006 0.023 0.971 0.   ]
 [0.    0.    0.    0.   ]]","[[0.429 0.199 0.372 0.   ]
 [0.    0.928 0.072 0.   ]
 [0.002 0.018 0.979 0.   ]
 [0.    0.    0.    0.   ]]","[[0.398 0.188 0.414 0.   ]
 [0.    0.897 0.103 0.   ]
 [0.002 0.017 0.981 0.   ]
 [0.    0.    0.    0.   ]]","[[0.566 0.245 0.189 0.   ]
 [0.002 0.962 0.035 0.   ]
 [0.016 0.026 0.958 0.   ]
 [0.    0.    0.    0.   ]]","[[0.484 0.218 0.297 0.   ]
 [0.    0.944 0.056 0.   ]
 [0.006 0.023 0.971 0.   ]
 [0.    0.    0.    0.   ]]","[[0.419 0.195 0.385 0.   ]
 [0.    0.916 0.084 0.   ]
 [0.002 0.018 0.98  0.   ]
 [0.    0.    0.    0.   ]]","[[0.376 0.176 0.448 0.   ]
 [0.    0.866 0.134 0.   ]
 [0.001 0.015 0.985 0.   ]
 [0.    0.    0.    0.   ]]"
confusion_matrix_nonnorm,"[[ 5932  2549  1648     0]
 [   84 11922   341     0]
 [  247   404 14895     0]
 [    0     0     0     0]]","[[ 5916  2543  1670     0]
 [   71 11916   360     0]
 [  241   404 14901     0]
 [    0     0     0     0]]","[[ 5525  2396  2208     0]
 [   26 11845   476     0]
 [  163   395 14988     0]
 [    0     0     0     0]]","[[ 4916  2225  2988     0]
 [    0 11679   668     0]
 [   98   360 15088     0]
 [    0     0     0     0]]","[[ 4342  2018  3769     0]
 [    0 11456   891     0]
 [   35   284 15227     0]
 [    0     0     0     0]]","[[ 4030  1909  4190     0]
 [    0 11075  1272     0]
 [   29   260 15257     0]
 [    0     0     0     0]]","[[ 5733  2478  1918     0]
 [   28 11882   437     0]
 [  243   404 14899     0]
 [    0     0     0     0]]","[[ 4907  2211  3011     0]
 [    0 11652   695     0]
 [   99   355 15092     0]
 [    0     0     0     0]]","[[ 4246  1979  3904     0]
 [    0 11309  1038     0]
 [   31   287 15228     0]
 [    0     0     0     0]]","[[ 3809  1778  4542     0]
 [    0 10687  1660     0]
 [   10   226 15310     0]
 [    0     0     0     0]]"
