,1/0,1/6,1/7,1/8,1/9,0.4/0,0.2/0,0.1/0,0.05/0
accuracy,0.8621850507600862,0.8592656882857294,0.8523749408237337,0.843695755089159,0.8338593445899742,0.8558992162432276,0.8395665667245279,0.8270211982536426,0.8039293040871075
"recall, A chirp",0.5891993286602824,0.5759699871655642,0.5494125777470629,0.517129035442788,0.4843518609931879,0.5638266363905617,0.5019251653667687,0.46124987659196365,0.4122815677756936
"recall, B chirp",0.9629869603952377,0.9619340730541832,0.958856402364947,0.9541589049971653,0.9454928322669475,0.9626629950595287,0.951972138981129,0.9353689155260387,0.8927674738802948
"precision, A chirp",0.9518341307814993,0.9601711652402897,0.9674895688456189,0.9745116279069768,0.9843499197431782,0.9551764509115237,0.9773164167627836,0.993619736282433,0.9968966340415374
"precision, B chirp",0.803595566369289,0.8088946400599333,0.8141246045935909,0.8185228930730216,0.8229820232640113,0.8113310580204778,0.8214984623986581,0.8346462383464623,0.8480535466994922
"IoU, A chirp",0.572140734349535,0.5625301320991225,0.5394532764637456,0.5102279368790181,0.48065053394729107,0.5492930653073002,0.4961452132331414,0.45988778423073134,0.4117531058962729
"IoU, B chirp",0.7795187831901921,0.783805187091665,0.7866445182724252,0.7875526438933084,0.785704670884372,0.7865793130831844,0.7888061203946044,0.7891356337546976,0.769655076106689
confusion_matrix,"[[0.589 0.245 0.166 0.   ]
 [0.008 0.963 0.029 0.   ]
 [0.013 0.027 0.96  0.   ]
 [0.    0.    0.    0.   ]]","[[0.576 0.237 0.187 0.   ]
 [0.005 0.962 0.033 0.   ]
 [0.011 0.026 0.962 0.   ]
 [0.    0.    0.    0.   ]]","[[0.549 0.228 0.222 0.   ]
 [0.003 0.959 0.038 0.   ]
 [0.01  0.025 0.965 0.   ]
 [0.    0.    0.    0.   ]]","[[0.517 0.221 0.262 0.   ]
 [0.002 0.954 0.044 0.   ]
 [0.007 0.024 0.969 0.   ]
 [0.    0.    0.    0.   ]]","[[0.484 0.214 0.302 0.   ]
 [0.    0.945 0.054 0.   ]
 [0.005 0.022 0.973 0.   ]
 [0.    0.    0.    0.   ]]","[[0.564 0.232 0.204 0.   ]
 [0.007 0.963 0.031 0.   ]
 [0.012 0.027 0.961 0.   ]
 [0.    0.    0.    0.   ]]","[[0.502 0.217 0.282 0.   ]
 [0.001 0.952 0.047 0.   ]
 [0.006 0.023 0.97  0.   ]
 [0.    0.    0.    0.   ]]","[[0.461 0.197 0.342 0.   ]
 [0.    0.935 0.065 0.   ]
 [0.002 0.019 0.979 0.   ]
 [0.    0.    0.    0.   ]]","[[0.412 0.179 0.409 0.   ]
 [0.    0.893 0.107 0.   ]
 [0.001 0.011 0.989 0.   ]
 [0.    0.    0.    0.   ]]"
confusion_matrix_nonnorm,"[[ 5968  2484  1677     0]
 [  102 11890   355     0]
 [  200   422 14924     0]
 [    0     0     0     0]]","[[ 5834  2398  1897     0]
 [   64 11877   406     0]
 [  178   408 14960     0]
 [    0     0     0     0]]","[[ 5565  2312  2252     0]
 [   37 11839   471     0]
 [  150   391 15005     0]
 [    0     0     0     0]]","[[ 5238  2236  2655     0]
 [   27 11781   539     0]
 [  110   376 15060     0]
 [    0     0     0     0]]","[[ 4906  2164  3059     0]
 [    4 11674   669     0]
 [   74   347 15125     0]
 [    0     0     0     0]]","[[ 5711  2351  2067     0]
 [   81 11886   380     0]
 [  187   413 14946     0]
 [    0     0     0     0]]","[[ 5084  2193  2852     0]
 [   17 11754   576     0]
 [  101   361 15084     0]
 [    0     0     0     0]]","[[ 4672  1996  3461     0]
 [    0 11549   798     0]
 [   30   292 15224     0]
 [    0     0     0     0]]","[[ 4176  1810  4143     0]
 [    0 11023  1324     0]
 [   13   165 15368     0]
 [    0     0     0     0]]"
